$ANSIBLE_VAULT;1.1;AES256
66653934393032633134376131633130346466633932366130633936646663613166316539326435
6231373535336432653563323837323063376430353362310a663233386530323238623565363338
30323334653237356463316232636562376334636234303837393663616235343763313232396236
6232343538396634380a616430376233386665653663303066313536393866656331303535633438
30373239366432663363303933613633346532343030323933386531316131663439666339333538
36653666353430373133393761613136363462333832613232626130646566343338353034623630
36333264643335613761653437613834666164343131303362396430306264666534343465373662
39623836373438323733376564326562366363616438363637373933333461326238386566346538
63663834303766396536313038303266666533303462346531646632633265393462363139613865
32303066653734396439353734376439653064336561653663626633646334356262393461343834
63373834366530353237343538633231323339643063303939646631373161353134343437663531
38393233326630623864653138303332623136613830353363336236646635623739356137396531
62373464396334316566363634386234346439663963393165393162626436633032333734383266
61373135623864313531356234373565666362366461326331613937346463373138323565303563
30636234646536346137306634383631323536393162623164386637333237663762396234343630
34363035636637653934323639666536623064656230386333653764373164313261646533396137
34663733363639366565613937396466616338616563333239396664666461326466373534626562
31653932666164613236646335356230353739383265626438303338636366353265323337366265
38336233303130316264313536363366366563343161656161633561653162616332366533393032
64356339636566373033316463366535623237356632386635343138323436393365366337663862
66346239323433393937653936613964353437366637633134303531396531616133653733626635
35313964613262306334633735393932646266616234366634353861613931626339623932323764
61656437663161326637663337636535333535633063343930333338663662666334333363376539
62613331316139363332383934613936616238303966386533326139626230653734306461353164
37613538623961643765366539323630653836636439653936656332663330343863
